LDA of Nano-plastic dataset
n_dim: 2
explained_variance_ratio_: [0.53057999 0.38761392]
coef_: [[ 11.01717593   1.83187381  -4.0297495   10.75384123]
 [-21.50684202   7.10387448 -24.85868981 -12.7547696 ]
 [  9.98754725  -1.33332024 -10.78329633  -0.6059157 ]
 [ -0.35561972  -5.96507566  14.37993866   2.08960454]
 [ -3.64782158  -7.82022239  14.246803     2.54472058]
 [ -2.74810187   7.199609     8.41615205  -4.12139976]
 [ 10.57753607 -10.52125534  18.63940841  -1.36473497]]
intercept_: [-16.40467457   7.68778527  -5.8513      -9.29605107  -9.25611556
  -9.52217502 -17.66874   ]
means_: [[8.55920810e-01 6.79731913e-01 0.00000000e+00 9.75421113e-01]
 [1.18650329e-01 1.00000000e+00 2.64233661e-02 1.00599778e-01]
 [9.49832098e-01 6.84592590e-01 0.00000000e+00 4.42277854e-01]
 [2.63509212e-01 2.44114384e-01 9.00701666e-01 3.05732493e-01]
 [1.39795695e-01 1.71404802e-01 9.45705834e-01 3.59819513e-01]
 [3.39753826e-01 7.29727128e-01 7.09220254e-01 0.00000000e+00]
 [5.96441816e-01 1.19241493e-01 1.00000000e+00 7.59028717e-04]]
priors_: [0.2195122  0.17073171 0.12195122 0.19512195 0.07317073 0.14634146
 0.07317073]
scalings_: [[ 1.37536331 -4.70049558  3.20626996  1.19854257]
 [-1.79283824  0.8048995   0.32055386  5.74574286]
 [ 5.50177406 -0.94937514  0.11663616  4.48965864]
 [ 0.81137723 -3.04536942 -2.98782256  1.98946014]]
xbar_: [0.47898315 0.57911627 0.42641502 0.37126764]
classes_: [0 1 2 3 4 5 6]
