LDA of Nano-plastic dataset
n_dim: 2
explained_variance_ratio_: [0.66579644 0.18396324]
coef_: [[ 1.99313842 -0.57571296  0.73972414  4.20075482]
 [-3.32966622  3.84068488 -1.53273494 -4.09172873]
 [ 4.00538714 -1.74155846 -0.5642017  -1.70668636]
 [-0.82638444 -1.73427209  2.30319527  0.90565752]
 [-0.45480164 -1.14102777 -0.2147313   0.68937348]]
intercept_: [-5.12542573 -1.52210046 -2.7941197  -2.77533257 -0.8274915 ]
means_: [[0.67688953 0.55265013 0.23642646 0.82152071]
 [0.2206981  0.87525867 0.34156039 0.05416911]
 [0.81731074 0.47258593 0.375      0.27670829]
 [0.26350921 0.24411438 0.90070167 0.30573249]
 [0.41837654 0.45884085 0.44156537 0.45577659]]
priors_: [0.2208589  0.2392638  0.14723926 0.14723926 0.24539877]
scalings_: [[-1.80479264 -1.72628371 -1.88248151 -1.41258582]
 [ 1.72168611 -0.94889929  1.58097321 -2.8487616 ]
 [-0.76254585  1.35442943  0.0651351  -2.90726747]
 [-2.38186961  0.54230246  2.31050035 -0.82069638]]
xbar_: [0.46411036 0.54960083 0.4301329  0.39200603]
classes_: [0 1 2 3 4]
