LDA of Nano-plastic dataset
n_dim: 2
explained_variance_ratio_: [0.79170055 0.13437964]
coef_: [[-23.34228812  -0.79699273  -8.66364295   3.87878948]
 [-23.15617324  -2.29625135   5.19949121  -3.84153019]
 [-28.89995695  13.332794    -6.50939526 -10.65771542]
 [ 65.20911434  -6.63116085   3.79745928  10.37095588]]
intercept_: [  2.62714723   1.33309465  -0.24270191 -44.3293811 ]
means_: [[0.0612981  0.58706227 0.10909091 0.96161278]
 [0.02840116 0.26491662 0.95151515 0.26479786]
 [0.12255967 0.99494949 0.23992459 0.13763307]
 [0.94165174 0.27577981 0.08809916 0.36571139]]
priors_: [0.17241379 0.34482759 0.20689655 0.27586207]
scalings_: [[10.10285009 -0.65716623 -1.83058689]
 [-1.11620996  2.89768344 -2.39306947]
 [ 0.56444951 -3.07687084 -1.73836871]
 [ 1.70120536 -0.62738437  3.06414648]]
xbar_: [0.30548531 0.474497   0.42086024 0.38646662]
classes_: [0 1 2 3]
